id,date,creator_login
398032627,2018-06-18 12:08:05,mhartington
395773840,2018-06-08 14:13:27,mhartington
395774146,2018-06-08 14:14:29,mhartington
395774086,2018-06-08 14:14:16,mhartington
354820000,2018-01-02 17:18:47,mhartington
352835087,2017-12-19 17:50:07,mhartington
353165314,2017-12-20 19:51:11,mhartington
354829780,2018-01-02 17:52:28,mhartington
355036438,2018-01-03 15:14:53,mhartington
355301705,2018-01-04 14:52:12,mhartington
355315100,2018-01-04 15:42:02,mhartington
355315813,2018-01-04 15:44:36,mhartington
352453540,2017-12-18 15:12:47,mhartington
352479512,2017-12-18 16:30:59,mhartington
352834184,2017-12-19 17:46:56,mhartington
352833996,2017-12-19 17:46:20,mhartington
344638382,2017-11-15 15:59:58,mhartington
343141729,2017-11-09 12:36:10,mhartington
343141930,2017-11-09 12:37:02,mhartington
343172694,2017-11-09 14:35:22,mhartington
318693225,2017-07-28 16:01:16,mhartington
317423449,2017-07-24 13:32:37,mhartington
317193553,2017-07-22 16:14:22,mhartington
317196341,2017-07-22 16:58:45,mhartington
316077288,2017-07-18 14:15:13,mhartington
314713052,2017-07-12 09:50:14,mhartington
314714328,2017-07-12 09:55:53,mhartington
314757429,2017-07-12 12:42:38,mhartington
315448889,2017-07-14 19:37:31,mhartington
315448923,2017-07-14 19:37:43,mhartington
317494046,2017-07-24 17:24:28,mhartington
314124261,2017-07-10 14:33:16,mhartington
314159147,2017-07-10 16:25:45,mhartington
314160387,2017-07-10 16:30:10,mhartington
314216114,2017-07-10 19:52:41,mhartington
313787664,2017-07-07 20:40:24,mhartington
313515590,2017-07-06 20:50:54,mhartington
313682438,2017-07-07 13:35:51,mhartington
290454687,2017-03-30 15:51:35,mhartington
310456313,2017-06-22 18:00:04,mhartington
310477419,2017-06-22 19:22:38,mhartington
311417093,2017-06-27 16:46:50,mhartington
311423351,2017-06-27 17:09:49,mhartington
313155459,2017-07-05 16:29:00,mhartington
313158546,2017-07-05 16:40:09,mhartington
285057332,2017-03-08 14:37:12,mhartington
285060714,2017-03-08 14:49:28,mhartington
285064173,2017-03-08 15:01:18,mhartington
285076843,2017-03-08 15:44:06,mhartington
285053577,2017-03-08 14:23:45,mhartington
338252496,2017-10-20 16:14:08,mhartington
273546946,2017-01-18 17:44:37,mhartington
273244831,2017-01-17 17:51:08,mhartington
272273836,2017-01-12 20:26:57,mhartington
272273838,2017-01-12 20:26:57,mhartington
272273842,2017-01-12 20:26:58,mhartington
272273844,2017-01-12 20:26:58,mhartington
272273846,2017-01-12 20:26:58,mhartington
273188883,2017-01-17 14:49:53,mhartington
273243594,2017-01-17 17:46:56,mhartington
273815963,2017-01-19 16:01:08,mhartington
273876276,2017-01-19 19:38:35,mhartington
275904473,2017-01-29 10:05:26,mhartington
278668024,2017-02-09 15:04:04,mhartington
262572789,2016-11-23 17:00:57,mhartington
262573057,2016-11-23 17:01:54,mhartington
262573211,2016-11-23 17:02:25,mhartington
262576026,2016-11-23 17:12:55,mhartington
257320787,2016-10-31 15:12:41,mhartington
257322020,2016-10-31 15:17:06,mhartington
257324139,2016-10-31 15:24:08,mhartington
256139997,2016-10-25 18:55:37,mhartington
256147147,2016-10-25 19:16:27,mhartington
256147894,2016-10-25 19:19:15,mhartington
256152633,2016-10-25 19:37:21,mhartington
255830743,2016-10-24 18:50:36,mhartington
256700653,2016-10-27 16:41:17,mhartington
254244301,2016-10-17 15:37:36,mhartington
253685842,2016-10-14 01:30:35,mhartington
253696040,2016-10-14 02:45:52,mhartington
253799286,2016-10-14 13:30:46,mhartington
253825310,2016-10-14 14:59:00,mhartington
253686575,2016-10-14 01:34:00,mhartington
252035670,2016-10-06 17:41:26,mhartington
251752687,2016-10-05 18:07:09,mhartington
251754031,2016-10-05 18:12:02,mhartington
250723125,2016-09-30 11:35:33,mhartington
250832061,2016-09-30 19:28:44,mhartington
251996026,2016-10-06 15:21:48,mhartington
250494680,2016-09-29 15:08:52,mhartington
