id,date,event,creator_login
868264143,2016-11-22 14:26:07,subscribed,simurai
855584064,2016-11-11 07:41:03,subscribed,simurai
