id,date,event,creator_login
2003473507,2018-12-04 07:25:00,subscribed,chrisdickinson
