mlynch,2014-01-27/2014-08-06,2014-08-06/2014-11-25,2014-11-25/2015-01-06
mhartington
