id,date,event,creator_login
1187330208,2017-08-01 09:59:42,subscribed,bnoordhuis
706879423,2016-06-28 20:15:00,subscribed,bnoordhuis
635215614,2016-04-20 21:30:33,subscribed,bnoordhuis
622957684,2016-04-11 18:54:19,subscribed,bnoordhuis
622957755,2016-04-11 18:54:22,mentioned,bnoordhuis
622957757,2016-04-11 18:54:22,subscribed,bnoordhuis
622979985,2016-04-11 19:08:18,mentioned,bnoordhuis
622979986,2016-04-11 19:08:18,subscribed,bnoordhuis
622992914,2016-04-11 19:17:33,mentioned,bnoordhuis
622992915,2016-04-11 19:17:33,subscribed,bnoordhuis
