id,date,event,creator_login
2055493118,2019-01-04 22:26:58,subscribed,jasnell
1589642208,2018-04-23 16:47:53,referenced,jasnell
