id,date,creator_login
175376781,2016-09-06 23:32:33,myronmarston
176544999,2016-09-13 04:15:51,myronmarston
176560867,2016-09-13 06:33:39,myronmarston
190819705,2016-11-21 19:57:43,myronmarston
190834651,2016-11-21 21:01:35,myronmarston
197970341,2016-12-29 08:17:44,myronmarston
