id,date,creator_login
394079975,2018-12-26 04:35:33,MylesBorins
