id,date,event,creator_login
1409669676,2018-01-04 14:50:15,subscribed,mhdawson
1390608401,2017-12-16 03:30:59,subscribed,mhdawson
1390608412,2017-12-16 03:30:59,subscribed,mhdawson
1407187856,2018-01-03 01:45:21,mentioned,mhdawson
1407187857,2018-01-03 01:45:21,subscribed,mhdawson
1407187864,2018-01-03 01:45:21,subscribed,mhdawson
1410083662,2018-01-04 18:46:10,subscribed,mhdawson
1410083681,2018-01-04 18:46:10,subscribed,mhdawson
1410097440,2018-01-04 18:55:06,subscribed,mhdawson
1410097462,2018-01-04 18:55:06,subscribed,mhdawson
1410125467,2018-01-04 19:12:47,subscribed,mhdawson
1410125503,2018-01-04 19:12:48,subscribed,mhdawson
1418692158,2018-01-10 22:38:24,subscribed,mhdawson
1373725324,2017-12-05 22:58:53,subscribed,mhdawson
