alanjrogers,2012-12-25/2012-12-27,2012-12-27/2013-01-04,2013-01-04/2013-01-24,2013-01-24/2013-02-05,2013-02-05/2013-02-07,2013-02-07/2013-03-12,2013-03-15/2014-01-15
jspahrsummers,2012-12-27/2013-01-04,2013-01-04/2013-02-05,2013-02-05/2013-02-07,2013-02-07/2013-03-12,2013-03-13/2013-03-15,2013-03-15/2014-01-15
joshaber
