id,date,creator_login
14877838,2013-05-29 07:58:37,dwightwatson
31606619,2014-04-16 01:53:29,dwightwatson
220841278,2017-04-11 05:11:42,dwightwatson
338423470,2018-07-05 04:26:25,dwightwatson
414945844,2019-02-27 04:59:56,dwightwatson
