id,date,creator_login
316236017,2017-07-19 00:20:28,ofrobots
284025217,2017-03-03 18:00:06,ofrobots
209026021,2016-04-12 17:48:14,ofrobots
