id,date,creator_login
218956052,2016-05-13 05:34:49,thomasjo
153478768,2015-11-03 20:34:34,thomasjo
146455231,2015-10-08 08:27:32,thomasjo
144350024,2015-09-30 10:34:28,thomasjo
109029263,2015-06-04 19:48:13,thomasjo
