id,date,event,creator_login
2414823838,2019-06-14 20:57:12,subscribed,refack
