id,date,creator_login
278840061,2017-12-04 00:42:49,flarnie
